11111011
11110110
11101111
11101000
11011111
11010101
11001010
10111111
10110100
10101000
10011101
10010001
10000111
01111101
01110011
01101011
01100100
01011110
01011001
01010101
01010010
01010001
01010000
01010001
01010010
01010100
01010111
01011001
01011100
01011111
01100010
01100101
01100111
01101001
01101001
01101010
01101001
01101000
01100101
01100010
01011111
01011010
01010101
01010000
01001010
01000101
00111111
00111010
00110110
00110001
00101110
00101100
00101011
00101011
00101101
00101111
00110100
00111001
01000000
01001001
01010010
01011101
01101001
01110101
10000010
10010000
10011101
10101011
10111000
11000101
11010001
11011100
11100101
11101110
11110101
11111010
11111101
11111111
11111111
11111110
11111011
11110110
11101111
11101000
11011111
11010101
11001010
10111111
10110100
10101000
10011101
10010001
10000111
01111101
01110011
01101011
01100100
01011110
01011001
01010101
01010010
01010001
01010000
01010001
01010010
01010100
01010111
01011001
01011100
01011111
01100010
01100101
01100111
01101001
01101001
01101010
01101001
01101000
01100101
01100010
01011111
01011010
01010101
01010000
01001010
01000101
00111111
00111010
00110110
00110001
00101110
00101100
00101011
00101011
00101101
00101111
00110100
00111001
01000000
01001001
01010010
01011101
01101001
01110101
10000010
10010000
10011101
10101011
10111000
11000101
11010001
11011100
11100101
11101110
11110101
11111010
11111101
11111111
11111111
11111110
11111011
11110110
11101111
11101000
11011111
11010101
11001010
10111111
10110100
10101000
10011101
10010001
10000111
01111101
01110011
01101011
01100100
01011110
01011001
01010101
01010010
01010001
01010000
01010001
01010010
01010100
01010111
01011001
01011100
01011111
01100010
01100101
01100111
01101001
01101001
01101010
01101001
01101000
01100101
01100010
01011111
01011010
01010101
01010000
01001010
01000101
00111111
00111010
00110110
00110001
00101110
00101100
00101011
00101011
00101101
00101111
00110100
00111001
01000000
01001001
01010010
01011101
01101001
01110101
10000010
10010000
10011101
10101011
10111000
11000101
11010001
11011100
11100101
11101110
11110101
11111010
11111101
11111111
11111111
11111110
11111011
11110110
11101111
11101000
11011111
11010101
11001010
10111111
10110100
10101000
10011101
10010001
10000111
01111101
01110011
01101011
01100100
01011110
01011001
01010101
01010010
01010001
01010000
01010001
01010010
01010100
01010111
01011001
01011100
01011111
01100010
01100101
01100111
01101001
01101001
01101010
01101001
01101000
01100101
01100010
01011111
01011010
01010101
01010000
01001010
01000101
00111111
00111010
00110110
00110001
00101110
00101100
00101011
00101011
00101101
00101111
00110100
00111001
01000000
01001001
01010010
01011101
01101001
01110101
10000010
10010000
10011101
10101011
10111000
11000101
11010001
11011100
11100101
11101110
11110101
11111010
11111101
11111111
11111111
11111110
11111011
11110110
11101111
11101000
11011111
11010101
11001010
10111111
10110100
10101000
10011101
10010001
10000111
01111101
01110011
01101011
01100100
01011110
01011001
01010101
01010010
01010001
01010000
01010001
01010010
01010100
01010111
01011001
01011100
01011111
01100010
01100101
01100111
01101001
01101001
01101010
01101001
01101000
01100101
01100010
01011111
01011010
01010101
01010000
01001010
01000101
00111111
00111010
00110110
00110001
00101110
00101100
00101011
00101011
00101101
00101111
00110100
00111001
01000000
01001001
01010010
01011101
01101001
01110101
10000010
10010000
10011101
10101011
10111000
11000101
11010001
11011100
11100101
11101110
11110101
11111010
11111101
11111111
11111111
11111110
11111011
11110110
11101111
11101000
11011111
11010101
11001010
10111111
10110100
10101000
10011101
10010001
10000111
01111101
01110011
01101011
01100100
01011110
01011001
01010101
01010010
01010001
01010000
01010001
01010010
01010100
01010111
01011001
01011100
01011111
01100010
01100101
01100111
01101001
01101001
01101010
01101001
01101000
01100101
01100010
01011111
01011010
01010101
01010000
01001010
01000101
00111111
00111010
00110110
00110001
00101110
00101100
00101011
00101011
00101101
00101111
00110100
00111001
01000000
01001001
01010010
01011101
01101001
01110101
10000010
10010000
10011101
10101011
10111000
11000101
11010001
11011100
11100101
11101110
11110101
11111010
11111101
11111111
11111111
11111110
11111011
11110110
11101111
11101000
11011111
11010101
11001010
10111111
10110100
10101000
10011101
10010001
10000111
01111101
01110011
01101011
01100100
01011110
01011001
01010101
01010010
01010001
01010000
01010001
01010010
01010100
01010111
01011001
01011100
01011111
01100010
01100101
01100111
01101001
01101001
01101010
01101001
01101000
01100101
01100010
01011111
01011010
01010101
01010000
01001010
01000101
00111111
00111010
00110110
00110001
00101110
00101100
00101011
00101011
00101101
00101111
00110100
00111001
01000000
01001001
01010010
01011101
01101001
01110101
10000010
10010000
10011101
10101011
10111000
11000101
11010001
11011100
11100101
11101110
11110101
11111010
11111101
11111111
11111111
11111110
11111011
11110110
11101111
11101000
11011111
11010101
11001010
10111111
10110100
10101000
10011101
10010001
10000111
01111101
01110011
01101011
01100100
01011110
01011001
01010101
01010010
01010001
01010000
01010001
01010010
01010100
01010111
01011001
01011100
01011111
01100010
01100101
01100111
01101001
01101001
01101010
01101001
01101000
01100101
01100010
01011111
01011010
01010101
01010000
01001010
01000101
00111111
00111010
00110110
00110001
00101110
00101100
00101011
00101011
00101101
00101111
00110100
00111001
01000000
01001001
01010010
01011101
01101001
01110101
10000010
10010000
10011101
10101011
10111000
11000101
11010001
11011100
11100101
11101110
11110101
11111010
11111101
11111111
11111111
11111110
11111011
11110110
11101111
11101000
11011111
11010101
11001010
10111111
10110100
10101000
10011101
10010001
10000111
01111101
01110011
01101011
01100100
01011110
01011001
01010101
01010010
01010001
01010000
01010001
01010010
01010100
01010111
01011001
01011100
01011111
01100010
01100101
01100111
01101001
01101001
01101010
01101001
01101000
01100101
01100010
01011111
01011010
01010101
01010000
01001010
01000101
00111111
00111010
00110110
00110001
00101110
00101100
00101011
00101011
00101101
00101111
00110100
00111001
01000000
01001001
01010010
01011101
01101001
01110101
10000010
10010000
10011101
10101011
10111000
11000101
11010001
11011100
11100101
11101110
11110101
11111010
11111101
11111111
11111111
11111110
11111011
11110110
11101111
11101000
11011111
11010101
11001010
10111111
10110100
10101000
10011101
10010001
10000111
01111101
01110011
01101011
01100100
01011110
01011001
01010101
01010010
01010001
01010000
01010001
01010010
01010100
01010111
01011001
01011100
01011111
01100010
01100101
01100111
01101001
01101001
01101010
01101001
01101000
01100101
01100010
01011111
01011010
01010101
01010000
01001010
01000101
00111111
00111010
00110110
00110001
00101110
00101100
00101011
00101011
00101101
00101111
00110100
00111001
01000000
01001001
01010010
01011101
01101001
01110101
10000010
10010000
10011101
10101011
10111000
11000101
11010001
11011100
11100101
11101110
11110101
11111010
11111101
11111111
11111111
11111110
